function [baseMVAac, baseMVAdc, pol, busdc, convdc, branchdc]= case_dc
baseMVAac = 100;
baseMVAdc = 100;
pol=1;
busdc = [
1       6       1       0       1       345         1.1     0     0;
2       4      1       0        1       345         1.1     0     0;
];
convdc = [
1       1       1         -100	80	1	0.0015	0.1121  0.0000 0.0001   0.16428  345         1.1     0     1.2     1       1.103 0.887 2.885 4.371;
2       2       2         0	0	1	0.0015	0.1121  0.0000 0.0001   0.16428  345         1.1     0     1.2     1       1.103 0.887 2.885 4.371;
];
branchdc = [
1       2       0.052   0   0    100     100     100     1;
];
